Dados com o detalhamento de posiçõoes:
Original:[0.1669558502124674, 0.10208093301664542, 0.09773650545033898, 0.08825917069346753, 0.0800951933107592, 0.07586750377997212, 0.07412805625530738, 0.07823532147947841, 0.07104325872230856]
PCA: [0.16696716516317933, 0.10206018084042234, 0.0971674993014491, 0.08726429831713417, 0.0796529880654251, 0.08225834827652172, 0.0700101855779568, 0.07850413885381424, 0.07117043723242386]

Dados sem o detalhamento de posições:
Original:[0.1852499340086081, 0.16707862568339601, 0.18449878396167313, 0.14993376895580224, 0.13928448217826248, 0.13914769414048098, 0.13553753275631053, 0.1360703891007203, 0.1326251546651315]
PCA:[0.1834799066744407, 0.1620418227605036, 0.1570390034430574, 0.1433430152608944, 0.12793094583319645, 0.12381792234080577, 0.11562269640966327, 0.10905311014236467, 0.11099296165717995]

